30
f4
00
02
00
00
00
00
00
00
80
44
00
00
00
00
00
00
00
00
01
00
00
00
00
00
00
00
02
00
00
00
00
00
00
00
03
00
00
00
00
00
00
00
00
00
00
00
00
00
00
00
00
00
00
00
00
00
00
00
00
00
00
00
00
00
00
00
30
f7
14
00
00
00
00
00
00
00
30
f6
2c
00
00
00
00
00
00
00
30
f2
03
00
00
00
00
00
00
00
80
6c
00
00
00
00
00
00
00
90
63
00
30
fb
08
00
00
00
00
00
00
00
30
fc
01
00
00
00
00
00
00
00
70
a7
00
00
00
00
00
00
00
50
a7
00
00
00
00
00
00
00
00
60
b7
61
c2
63
a0
40
a6
00
00
00
00
00
00
00
00
60
b6
62
22
74
8b
00
00
00
00
00
00
00
90